        0.01000      4.1784758              0
        0.01800      4.0763518              0
        0.02590      3.9280519              0
        0.03390      3.7373231              0
        0.04180      3.5591093              0
        0.04980      3.4243169              0
        0.05780      3.3336166              0
        0.06570      3.2740769              0
        0.07370      3.2330889              0
        0.08160      3.2045570              0
        0.08960      3.1832531              0
        0.09760      3.1667610              0
        0.10550      3.1534403              0
        0.11350      3.1418124              0
        0.12140      3.1314405              0
        0.12940      3.1215828              0
        0.13730      3.1121827              0
        0.14530      3.1028085              0
        0.15330      3.0934619              0
        0.16120      3.0841920              0
        0.16920      3.0747279              0
        0.17710      3.0652896              0
        0.18510      3.0556319              0
        0.19310      3.0458723              0
        0.20100      3.0361354              0
        0.20900      3.0261752              0
        0.21690      3.0162401              0
        0.22490      3.0060768              0
        0.23290      2.9958075              0
        0.24080      2.9855592              0
        0.24880      2.9750689              0
        0.25670      2.9645959              0
        0.26470      2.9538731              0
        0.27270      2.9430318              0
        0.28060      2.9322110              0
        0.28860      2.9211401              0
        0.29650      2.9101018              0
        0.30450      2.8988249              0
        0.31240      2.8876020              0
        0.32040      2.8761625              0
        0.32840      2.8646641              0
        0.33630      2.8532694              0
        0.34430      2.8417102              0
        0.16120      3.9211068              1
        0.16920      3.8876579              1
        0.17710      3.8578481              1
        0.18510      3.8306177              1
        0.19310      3.8060854              1
        0.20100      3.7842589              1
        0.20900      3.7643533              1
        0.21690      3.7466538              1
        0.22490      3.7305112              1
        0.23290      3.7159736              1
        0.24080      3.7030241              1
        0.24880      3.6911789              1
        0.25670      3.6805958              1
        0.26470      3.6708805              1
        0.27270      3.6620596              1
        0.28060      3.6541280              1
        0.28860      3.6467959              1
        0.29650      3.6401698              1
        0.30450      3.6340127              1
        0.31240      3.6284186              1
        0.32040      3.6231922              1
        0.32840      3.6183593              1
        0.33630      3.6139316              1
        0.34430      3.6097600              1
        0.35220      3.6059167              1
        0.36020      3.6022751              1
        0.36820      3.5988593              1
        0.37610      3.5956851              1
        0.38410      3.5926513              1
        0.39200      3.5898155              1
        0.40000      3.5870890              1
        0.16120      4.4387472              2
        0.16920      4.3881153              2
        0.17710      4.3377602              2
        0.18510      4.2881638              2
        0.19310      4.2414100              2
        0.20100      4.1988316              2
        0.20900      4.1595985              2
        0.21690      4.1245676              2
        0.22490      4.0925293              2
        0.23290      4.0635460              2
        0.24080      4.0375197              2
        0.24880      4.0134091              2
        0.25670      3.9914808              2
        0.26470      3.9708816              2
        0.27270      3.9516425              2
        0.28060      3.9337652              2
        0.28860      3.9166160              2
        0.29650      3.9004764              2
        0.30450      3.8848156              2
        0.31240      3.8699289              2
        0.32040      3.8553629              2
        0.32840      3.8412511              2
        0.33630      3.8277198              2
        0.34430      3.8143976              2
        0.35220      3.8015988              2
        0.36020      3.7889881              2
        0.36820      3.7767232              2
        0.37610      3.7649477              2
        0.38410      3.7533613              2
        0.39200      3.7422513              2
        0.40000      3.7313335              2
        0.24880      4.3723513              3
        0.25670      4.3417689              3
        0.26470      4.3107419              3
        0.27270      4.2798947              3
        0.28060      4.2498705              3
        0.28860      4.2201695              3
        0.29650      4.1917614              3
        0.30450      4.1641138              3
        0.31240      4.1380505              3
        0.32040      4.1129935              3
        0.32840      4.0893145              3
        0.33630      4.0672747              3
        0.34430      4.0462729              3
        0.35220      4.0267662              3
        0.36020      4.0081738              3
        0.36820      3.9906517              3
        0.37610      3.9742980              3
        0.38410      3.9585965              3
        0.39200      3.9438431              3
        0.40000      3.9295732              3
