        0.10000      0.5667112              0
        0.20000      0.5640202              0
        0.30000      0.5613623              0
        0.40000      0.5587524              0
        0.50000      0.5562039              0
        0.60000      0.5537279              0
        0.70000      0.5513333              0
        0.80000      0.5490258              0
        0.90000      0.5468082              0
        1.00000      0.5446800              0
        1.10000      0.5426374              0
        1.20000      0.5406733              0
        1.30000      0.5387769              0
        1.40000      0.5369339              0
        1.50000      0.5351254              0
        1.60000      0.5333272              0
        1.70000      0.5315076              0
        1.80000      0.5296241              0
        1.90000      0.5276171              0
        2.00000      0.5253993              0
        2.10000      0.5228355              0
        2.20000      0.5197050              0
        2.30000      0.5156338              0
        2.40000      0.5099861              0
        2.50000      0.5017790              0
        2.60000      0.4898894              0
        2.70000      0.4737235              0
        2.80000      0.4535560              0
        2.90000      0.4301278              0
        3.00000      0.4045672              0
        3.10000      0.3788400              0
        3.20000      0.3554916              0
        3.30000      0.3361987              0
        3.40000      0.3210793              0
        3.50000      0.3094058              0
        3.60000      0.3003442              0
        3.70000      0.2932196              0
        3.80000      0.2875386              0
        3.90000      0.2829490              0
        4.00000      0.2791981              0
        4.10000      0.2761024              0
        4.20000      0.2735260              0
        4.30000      0.2713665              0
        4.40000      0.2695454              0
        4.50000      0.2680014              0
        4.60000      0.2666861              0
        4.70000      0.2655608              0
        4.80000      0.2645938              0
        4.90000      0.2637592              0
        5.00000      0.2630354              0
        5.10000      0.2624043              0
        5.20000      0.2618503              0
        5.30000      0.2613601              0
        5.40000      0.2609221              0
        5.50000      0.2605259              0
        5.60000      0.2601624              0
        5.70000      0.2598230              0
        5.80000      0.2595000              0
        5.90000      0.2591860              0
        6.00000      0.2588740              0
        6.10000      0.2585570              0
        6.20000      0.2582281              0
        6.30000      0.2578803              0
        6.40000      0.2575063              0
        6.50000      0.2570985              0
        6.60000      0.2566487              0
        6.70000      0.2561482              0
        6.80000      0.2555876              0
        6.90000      0.2549566              0
        7.00000      0.2542441              0
        7.10000      0.2534384              0
        7.20000      0.2525268              0
        7.30000      0.2514964              0
        7.40000      0.2503345              0
        7.50000      0.2490290              0
        7.60000      0.2475699              0
        7.70000      0.2459503              0
        7.80000      0.2441678              0
        7.90000      0.2422258              0
        8.00000      0.2401348              0
        8.10000      0.2379119              0
        8.20000      0.2355809              0
        8.30000      0.2331700              0
        8.40000      0.2307102              0
        8.50000      0.2282326              0
        8.60000      0.2257661              0
        8.70000      0.2233363              0
        8.80000      0.2209644              0
        8.90000      0.2186665              0
        9.00000      0.2164544              0
        9.10000      0.2143359              0
        9.20000      0.2123151              0
        9.30000      0.2103936              0
        9.40000      0.2085710              0
        9.50000      0.2068451              0
        9.60000      0.2052130              0
        9.70000      0.2036706              0
        9.80000      0.2022139              0
        9.90000      0.2008383              0
       10.00000      0.1995393              0
       10.10000      0.1983124              0
       10.20000      0.1971532              0
       10.30000      0.1960577              0
       10.40000      0.1950217              0
       10.50000      0.1940416              0
       10.60000      0.1931137              0
       10.70000      0.1922348              0
       10.80000      0.1914018              0
       10.90000      0.1906116              0
       11.00000      0.1898618              0
       11.10000      0.1891496              0
       11.20000      0.1884729              0
       11.30000      0.1878294              0
       11.40000      0.1872171              0
       11.50000      0.1866341              0
       11.60000      0.1860787              0
       11.70000      0.1855494              0
       11.80000      0.1850445              0
       11.90000      0.1845626              0
       12.00000      0.1841026              0
       12.10000      0.1836630              0
       12.20000      0.1832429              0
       12.30000      0.1828411              0
       12.40000      0.1824567              0
       12.50000      0.1820887              0
       12.60000      0.1817362              0
       12.70000      0.1813985              0
       12.80000      0.1810748              0
       12.90000      0.1807643              0
       13.00000      0.1804665              0
       13.10000      0.1801806              0
       13.20000      0.1799061              0
       13.30000      0.1796425              0
       13.40000      0.1793891              0
       13.50000      0.1791456              0
       13.60000      0.1789114              0
       13.70000      0.1786862              0
       13.80000      0.1784694              0
       13.90000      0.1782607              0
       14.00000      0.1780598              0
       14.10000      0.1778663              0
       14.20000      0.1776799              0
       14.30000      0.1775002              0
       14.40000      0.1773270              0
       14.50000      0.1771599              0
       14.60000      0.1769988              0
       14.70000      0.1768433              0
       14.80000      0.1766933              0
       14.90000      0.1765484              0
       15.00000      0.1764086              0
       15.10000      0.1762735              0
       15.20000      0.1761431              0
       15.30000      0.1760170              0
       15.40000      0.1758951              0
       15.50000      0.1757773              0
       15.60000      0.1756634              0
       15.70000      0.1755533              0
       15.80000      0.1754468              0
       15.90000      0.1753437              0
       16.00000      0.1752439              0
       16.10000      0.1751474              0
       16.20000      0.1750539              0
       16.30000      0.1749634              0
       16.40000      0.1748758              0
       16.50000      0.1747909              0
       16.60000      0.1747086              0
       16.70000      0.1746289              0
       16.80000      0.1745517              0
       16.90000      0.1744769              0
       17.00000      0.1744043              0
       17.10000      0.1743340              0
       17.20000      0.1742658              0
       17.30000      0.1741996              0
       17.40000      0.1741354              0
       17.50000      0.1740732              0
       17.60000      0.1740128              0
       17.70000      0.1739541              0
       17.80000      0.1738972              0
       17.90000      0.1738420              0
       18.00000      0.1737884              0
       18.10000      0.1737364              0
       18.20000      0.1736858              0
       18.30000      0.1736367              0
       18.40000      0.1735890              0
       18.50000      0.1735427              0
       18.60000      0.1734977              0
       18.70000      0.1734540              0
       18.80000      0.1734115              0
       18.90000      0.1733702              0
       19.00000      0.1733301              0
       19.10000      0.1732911              0
       19.20000      0.1732532              0
       19.30000      0.1732163              0
       19.40000      0.1731804              0
       19.50000      0.1731456              0
       19.60000      0.1731116              0
       19.70000      0.1730787              0
       19.80000      0.1730466              0
       19.90000      0.1730154              0
       20.00000      0.1729850              0
       20.10000      0.1729554              0
       20.20000      0.1729267              0
       20.30000      0.1728987              0
       20.40000      0.1728715              0
       20.50000      0.1728450              0
       20.60000      0.1728192              0
       20.70000      0.1727940              0
       20.80000      0.1727696              0
       20.90000      0.1727458              0
       21.00000      0.1727226              0
       21.10000      0.1727000              0
       21.20000      0.1726780              0
       21.30000      0.1726566              0
       21.40000      0.1726357              0
       21.50000      0.1726154              0
       21.60000      0.1725956              0
       21.70000      0.1725763              0
       21.80000      0.1725575              0
       21.90000      0.1725392              0
       22.00000      0.1725214              0
       22.10000      0.1725040              0
       22.20000      0.1724870              0
       22.30000      0.1724705              0
       22.40000      0.1724544              0
       22.50000      0.1724387              0
       22.60000      0.1724234              0
       22.70000      0.1724085              0
       22.80000      0.1723940              0
       22.90000      0.1723798              0
       23.00000      0.1723660              0
       23.10000      0.1723525              0
       23.20000      0.1723394              0
       23.30000      0.1723266              0
       23.40000      0.1723141              0
       23.50000      0.1723019              0
       23.60000      0.1722900              0
       23.70000      0.1722784              0
       23.80000      0.1722671              0
       23.90000      0.1722561              0
       24.00000      0.1722453              0
       24.10000      0.1722348              0
       24.20000      0.1722246              0
       24.30000      0.1722146              0
       24.40000      0.1722048              0
       24.50000      0.1721953              0
       24.60000      0.1721860              0
       24.70000      0.1721770              0
       24.80000      0.1721681              0
       24.90000      0.1721595              0
       25.00000      0.1721511              0
       25.10000      0.1721429              0
       25.20000      0.1721349              0
       25.30000      0.1721270              0
       25.40000      0.1721194              0
       25.50000      0.1721119              0
       25.60000      0.1721047              0
       25.70000      0.1720975              0
       25.80000      0.1720906              0
       25.90000      0.1720838              0
       26.00000      0.1720772              0
       26.10000      0.1720708              0
       26.20000      0.1720645              0
       26.30000      0.1720583              0
       26.40000      0.1720523              0
       26.50000      0.1720464              0
       26.60000      0.1720407              0
       26.70000      0.1720351              0
       26.80000      0.1720296              0
       26.90000      0.1720243              0
       27.00000      0.1720191              0
       27.10000      0.1720140              0
       27.20000      0.1720090              0
       27.30000      0.1720042              0
       27.40000      0.1719994              0
       27.50000      0.1719948              0
       27.60000      0.1719902              0
       27.70000      0.1719858              0
       27.80000      0.1719815              0
       27.90000      0.1719773              0
       28.00000      0.1719732              0
       28.10000      0.1719691              0
       28.20000      0.1719652              0
       28.30000      0.1719614              0
       28.40000      0.1719576              0
       28.50000      0.1719539              0
       28.60000      0.1719504              0
       28.70000      0.1719469              0
       28.80000      0.1719434              0
       28.90000      0.1719401              0
       29.00000      0.1719368              0
       29.10000      0.1719336              0
       29.20000      0.1719305              0
       29.30000      0.1719275              0
       29.40000      0.1719245              0
       29.50000      0.1719216              0
       29.60000      0.1719187              0
       29.70000      0.1719159              0
       29.80000      0.1719132              0
       29.90000      0.1719106              0
       30.00000      0.1719080              0
       30.10000      0.1719054              0
       30.20000      0.1719030              0
       30.30000      0.1719005              0
       30.40000      0.1718982              0
       30.50000      0.1718959              0
       30.60000      0.1718936              0
       30.70000      0.1718914              0
       30.80000      0.1718892              0
       30.90000      0.1718871              0
       31.00000      0.1718850              0
       31.10000      0.1718830              0
       31.20000      0.1718811              0
       31.30000      0.1718791              0
       31.40000      0.1718772              0
       31.50000      0.1718754              0
       31.60000      0.1718736              0
       31.70000      0.1718718              0
       31.80000      0.1718701              0
       31.90000      0.1718684              0
       32.00000      0.1718668              0
       32.10000      0.1718652              0
       32.20000      0.1718636              0
       32.30000      0.1718621              0
       32.40000      0.1718606              0
       32.50000      0.1718591              0
       32.60000      0.1718577              0
       32.70000      0.1718563              0
       32.80000      0.1718549              0
       32.90000      0.1718535              0
       33.00000      0.1718522              0
       33.10000      0.1718509              0
       33.20000      0.1718497              0
       33.30000      0.1718485              0
       33.40000      0.1718473              0
       33.50000      0.1718461              0
       33.60000      0.1718449              0
       33.70000      0.1718438              0
       33.80000      0.1718427              0
       33.90000      0.1718416              0
       34.00000      0.1718406              0
       34.10000      0.1718396              0
       34.20000      0.1718386              0
       34.30000      0.1718376              0
       34.40000      0.1718366              0
       34.50000      0.1718357              0
       34.60000      0.1718348              0
       34.70000      0.1718339              0
       34.80000      0.1718330              0
       34.90000      0.1718321              0
       35.00000      0.1718313              0
       35.10000      0.1718305              0
       35.20000      0.1718297              0
       35.30000      0.1718289              0
       35.40000      0.1718281              0
       35.50000      0.1718274              0
       35.60000      0.1718266              0
       35.70000      0.1718259              0
       35.80000      0.1718252              0
       35.90000      0.1718245              0
       36.00000      0.1718239              0
       36.10000      0.1718232              0
       36.20000      0.1718226              0
       36.30000      0.1718219              0
       36.40000      0.1718213              0
       36.50000      0.1718207              0
       36.60000      0.1718201              0
       36.70000      0.1718195              0
       36.80000      0.1718190              0
       36.90000      0.1718184              0
       37.00000      0.1718179              0
       37.10000      0.1718174              0
       37.20000      0.1718169              0
       37.30000      0.1718163              0
       37.40000      0.1718159              0
       37.50000      0.1718154              0
       37.60000      0.1718149              0
       37.70000      0.1718144              0
       37.80000      0.1718140              0
       37.90000      0.1718136              0
       38.00000      0.1718131              0
       38.10000      0.1718127              0
       38.20000      0.1718123              0
       38.30000      0.1718119              0
       38.40000      0.1718115              0
       38.50000      0.1718111              0
       38.60000      0.1718107              0
       38.70000      0.1718104              0
       38.80000      0.1718100              0
       38.90000      0.1718096              0
       39.00000      0.1718093              0
       39.10000      0.1718090              0
       39.20000      0.1718086              0
       39.30000      0.1718083              0
       39.40000      0.1718080              0
       39.50000      0.1718077              0
       39.60000      0.1718074              0
       39.70000      0.1718071              0
       39.80000      0.1718068              0
       39.90000      0.1718065              0
       40.00000      0.1718062              0
       40.10000      0.1718060              0
       40.20000      0.1718057              0
       40.30000      0.1718054              0
       40.40000      0.1718052              0
       40.50000      0.1718049              0
       40.60000      0.1718047              0
       40.70000      0.1718044              0
       40.80000      0.1718042              0
       40.90000      0.1718040              0
       41.00000      0.1718038              0
       41.10000      0.1718035              0
       41.20000      0.1718033              0
       41.30000      0.1718031              0
       41.40000      0.1718029              0
       41.50000      0.1718027              0
       41.60000      0.1718025              0
       41.70000      0.1718023              0
       41.80000      0.1718022              0
       41.90000      0.1718020              0
       42.00000      0.1718018              0
       42.10000      0.1718016              0
       42.20000      0.1718014              0
       42.30000      0.1718013              0
       42.40000      0.1718011              0
       42.50000      0.1718010              0
       42.60000      0.1718008              0
       42.70000      0.1718006              0
       42.80000      0.1718005              0
       42.90000      0.1718003              0
       43.00000      0.1718002              0
       43.10000      0.1718001              0
       43.20000      0.1717999              0
       43.30000      0.1717998              0
       43.40000      0.1717997              0
       43.50000      0.1717995              0
       43.60000      0.1717994              0
       43.70000      0.1717993              0
       43.80000      0.1717992              0
       43.90000      0.1717990              0
       44.00000      0.1717989              0
       44.10000      0.1717988              0
       44.20000      0.1717987              0
       44.30000      0.1717986              0
       44.40000      0.1717985              0
       44.50000      0.1717984              0
       44.60000      0.1717983              0
       44.70000      0.1717982              0
       44.80000      0.1717981              0
       44.90000      0.1717980              0
       45.00000      0.1717979              0
       45.10000      0.1717978              0
       45.20000      0.1717977              0
       45.30000      0.1717976              0
       45.40000      0.1717976              0
       45.50000      0.1717975              0
       45.60000      0.1717974              0
       45.70000      0.1717973              0
       45.80000      0.1717972              0
       45.90000      0.1717972              0
       46.00000      0.1717971              0
       46.10000      0.1717970              0
       46.20000      0.1717969              0
       46.30000      0.1717969              0
       46.40000      0.1717968              0
       46.50000      0.1717967              0
       46.60000      0.1717967              0
       46.70000      0.1717966              0
       46.80000      0.1717965              0
       46.90000      0.1717965              0
       47.00000      0.1717964              0
       47.10000      0.1717964              0
       47.20000      0.1717963              0
       47.30000      0.1717963              0
       47.40000      0.1717962              0
       47.50000      0.1717961              0
       47.60000      0.1717961              0
       47.70000      0.1717960              0
       47.80000      0.1717960              0
       47.90000      0.1717959              0
       48.00000      0.1717959              0
       48.10000      0.1717958              0
       48.20000      0.1717958              0
       48.30000      0.1717958              0
       48.40000      0.1717957              0
       48.50000      0.1717957              0
       48.60000      0.1717956              0
       48.70000      0.1717956              0
       48.80000      0.1717955              0
       48.90000      0.1717955              0
       49.00000      0.1717955              0
       49.10000      0.1717954              0
       49.20000      0.1717954              0
       49.30000      0.1717954              0
       49.40000      0.1717953              0
       49.50000      0.1717953              0
       49.60000      0.1717953              0
       49.70000      0.1717952              0
       49.80000      0.1717952              0
       49.90000      0.1717952              0
       50.00000      0.1717951              0
       50.10000      0.1717951              0
       50.20000      0.1717951              0
       50.30000      0.1717950              0
       50.40000      0.1717950              0
       50.50000      0.1717950              0
       50.60000      0.1717950              0
       50.70000      0.1717949              0
       50.80000      0.1717949              0
       50.90000      0.1717949              0
       51.00000      0.1717949              0
       51.10000      0.1717948              0
       51.20000      0.1717948              0
       51.30000      0.1717948              0
       51.40000      0.1717948              0
       51.50000      0.1717947              0
       51.60000      0.1717947              0
       51.70000      0.1717947              0
       51.80000      0.1717947              0
       51.90000      0.1717947              0
       52.00000      0.1717946              0
       52.10000      0.1717946              0
       52.20000      0.1717946              0
       52.30000      0.1717946              0
       52.40000      0.1717946              0
       52.50000      0.1717945              0
       52.60000      0.1717945              0
       52.70000      0.1717945              0
       52.80000      0.1717945              0
       52.90000      0.1717945              0
       53.00000      0.1717945              0
       53.10000      0.1717944              0
       53.20000      0.1717944              0
       53.30000      0.1717944              0
       53.40000      0.1717944              0
       53.50000      0.1717944              0
       53.60000      0.1717944              0
       53.70000      0.1717944              0
       53.80000      0.1717943              0
       53.90000      0.1717943              0
       54.00000      0.1717943              0
       54.10000      0.1717943              0
       54.20000      0.1717943              0
       54.30000      0.1717943              0
       54.40000      0.1717943              0
       54.50000      0.1717943              0
       54.60000      0.1717942              0
       54.70000      0.1717942              0
       54.80000      0.1717942              0
       54.90000      0.1717942              0
       55.00000      0.1717942              0
       55.10000      0.1717942              0
       55.20000      0.1717942              0
       55.30000      0.1717942              0
       55.40000      0.1717942              0
       55.50000      0.1717941              0
       55.60000      0.1717941              0
       55.70000      0.1717941              0
       55.80000      0.1717941              0
       55.90000      0.1717941              0
       56.00000      0.1717941              0
       56.10000      0.1717941              0
       56.20000      0.1717941              0
       56.30000      0.1717941              0
       56.40000      0.1717941              0
       56.50000      0.1717941              0
       56.60000      0.1717941              0
       56.70000      0.1717941              0
       56.80000      0.1717940              0
       56.90000      0.1717940              0
       57.00000      0.1717940              0
       57.10000      0.1717940              0
       57.20000      0.1717940              0
       57.30000      0.1717940              0
       57.40000      0.1717940              0
       57.50000      0.1717940              0
       57.60000      0.1717940              0
       57.70000      0.1717940              0
       57.80000      0.1717940              0
       57.90000      0.1717940              0
       58.00000      0.1717940              0
       58.10000      0.1717940              0
       58.20000      0.1717940              0
       58.30000      0.1717940              0
       58.40000      0.1717940              0
       58.50000      0.1717939              0
       58.60000      0.1717939              0
       58.70000      0.1717939              0
       58.80000      0.1717939              0
       58.90000      0.1717939              0
       59.00000      0.1717939              0
       59.10000      0.1717939              0
       59.20000      0.1717939              0
       59.30000      0.1717939              0
       59.40000      0.1717939              0
       59.50000      0.1717939              0
       59.60000      0.1717939              0
       59.70000      0.1717939              0
       59.80000      0.1717939              0
       59.90000      0.1717939              0
       60.00000      0.1717939              0
       60.10000      0.1717939              0
       60.20000      0.1717939              0
       60.30000      0.1717939              0
       60.40000      0.1717939              0
       60.50000      0.1717939              0
       60.60000      0.1717939              0
       60.70000      0.1717939              0
       60.80000      0.1717939              0
       60.90000      0.1717939              0
       61.00000      0.1717939              0
       61.10000      0.1717939              0
       61.20000      0.1717938              0
       61.30000      0.1717938              0
       61.40000      0.1717938              0
       61.50000      0.1717938              0
       61.60000      0.1717938              0
       61.70000      0.1717938              0
       61.80000      0.1717938              0
       61.90000      0.1717938              0
       62.00000      0.1717938              0
       62.10000      0.1717938              0
       62.20000      0.1717938              0
       62.30000      0.1717938              0
       62.40000      0.1717938              0
       62.50000      0.1717938              0
       62.60000      0.1717938              0
       62.70000      0.1717938              0
       62.80000      0.1717938              0
       62.90000      0.1717938              0
       63.00000      0.1717938              0
       63.10000      0.1717938              0
       63.20000      0.1717938              0
       63.30000      0.1717938              0
       63.40000      0.1717938              0
       63.50000      0.1717938              0
       63.60000      0.1717938              0
       63.70000      0.1717938              0
       63.80000      0.1717938              0
       63.90000      0.1717938              0
       64.00000      0.1717938              0
       64.10000      0.1717938              0
       64.20000      0.1717938              0
       64.30000      0.1717938              0
       64.40000      0.1717938              0
       64.50000      0.1717938              0
       64.60000      0.1717938              0
       64.70000      0.1717938              0
       64.80000      0.1717938              0
       64.90000      0.1717938              0
       65.00000      0.1717938              0
       65.10000      0.1717938              0
       65.20000      0.1717938              0
       65.30000      0.1717938              0
       65.40000      0.1717938              0
       65.50000      0.1717938              0
       65.60000      0.1717938              0
       65.70000      0.1717938              0
       65.80000      0.1717938              0
       65.90000      0.1717938              0
       66.00000      0.1717938              0
       66.10000      0.1717938              0
       66.20000      0.1717938              0
       66.30000      0.1717938              0
       66.40000      0.1717938              0
       66.50000      0.1717938              0
       66.60000      0.1717938              0
       66.70000      0.1717938              0
       66.80000      0.1717938              0
       66.90000      0.1717938              0
       67.00000      0.1717938              0
       67.10000      0.1717938              0
       67.20000      0.1717938              0
       67.30000      0.1717938              0
       67.40000      0.1717938              0
       67.50000      0.1717938              0
       67.60000      0.1717938              0
       67.70000      0.1717938              0
       67.80000      0.1717938              0
       67.90000      0.1717938              0
       68.00000      0.1717938              0
       68.10000      0.1717938              0
       68.20000      0.1717938              0
       68.30000      0.1717938              0
       68.40000      0.1717938              0
       68.50000      0.1717938              0
       68.60000      0.1717938              0
       68.70000      0.1717938              0
       68.80000      0.1717937              0
       68.90000      0.1717937              0
       69.00000      0.1717937              0
       69.10000      0.1717937              0
       69.20000      0.1717937              0
       69.30000      0.1717937              0
       69.40000      0.1717937              0
       69.50000      0.1717937              0
       69.60000      0.1717937              0
       69.70000      0.1717937              0
       69.80000      0.1717937              0
       69.90000      0.1717937              0
       70.00000      0.1717937              0
       70.10000      0.1717937              0
       70.20000      0.1717937              0
       70.30000      0.1717937              0
       70.40000      0.1717937              0
       70.50000      0.1717937              0
       70.60000      0.1717937              0
       70.70000      0.1717937              0
       70.80000      0.1717937              0
       70.90000      0.1717937              0
       71.00000      0.1717937              0
       71.10000      0.1717937              0
       71.20000      0.1717937              0
       71.30000      0.1717937              0
       71.40000      0.1717937              0
       71.50000      0.1717937              0
       71.60000      0.1717937              0
       71.70000      0.1717937              0
       71.80000      0.1717937              0
       71.90000      0.1717937              0
       72.00000      0.1717937              0
       72.10000      0.1717937              0
       72.20000      0.1717937              0
       72.30000      0.1717937              0
       72.40000      0.1717937              0
       72.50000      0.1717937              0
       72.60000      0.1717937              0
       72.70000      0.1717937              0
       72.80000      0.1717937              0
       72.90000      0.1717937              0
       73.00000      0.1717937              0
       73.10000      0.1717937              0
       73.20000      0.1717937              0
       73.30000      0.1717937              0
       73.40000      0.1717937              0
       73.50000      0.1717937              0
       73.60000      0.1717937              0
       73.70000      0.1717937              0
       73.80000      0.1717937              0
       73.90000      0.1717937              0
       74.00000      0.1717937              0
       74.10000      0.1717937              0
       74.20000      0.1717937              0
       74.30000      0.1717937              0
       74.40000      0.1717937              0
       74.50000      0.1717937              0
       74.60000      0.1717937              0
       74.70000      0.1717937              0
       74.80000      0.1717937              0
       74.90000      0.1717937              0
       75.00000      0.1717937              0
       75.10000      0.1717937              0
       75.20000      0.1717937              0
       75.30000      0.1717937              0
       75.40000      0.1717937              0
       75.50000      0.1717937              0
       75.60000      0.1717937              0
       75.70000      0.1717937              0
       75.80000      0.1717937              0
       75.90000      0.1717937              0
       76.00000      0.1717937              0
       76.10000      0.1717937              0
       76.20000      0.1717937              0
       76.30000      0.1717937              0
       76.40000      0.1717937              0
       76.50000      0.1717937              0
       76.60000      0.1717937              0
       76.70000      0.1717937              0
       76.80000      0.1717937              0
       76.90000      0.1717937              0
       77.00000      0.1717937              0
       77.10000      0.1717937              0
       77.20000      0.1717937              0
       77.30000      0.1717937              0
       77.40000      0.1717937              0
       77.50000      0.1717937              0
       77.60000      0.1717937              0
       77.70000      0.1717937              0
       77.80000      0.1717937              0
       77.90000      0.1717937              0
       78.00000      0.1717937              0
       78.10000      0.1717937              0
       78.20000      0.1717937              0
       78.30000      0.1717937              0
       78.40000      0.1717937              0
       78.50000      0.1717937              0
       78.60000      0.1717937              0
       78.70000      0.1717937              0
       78.80000      0.1717937              0
       78.90000      0.1717937              0
       79.00000      0.1717937              0
       79.10000      0.1717937              0
       79.20000      0.1717937              0
       79.30000      0.1717937              0
       79.40000      0.1717937              0
       79.50000      0.1717937              0
       79.60000      0.1717937              0
       79.70000      0.1717937              0
       79.80000      0.1717937              0
       79.90000      0.1717937              0
       80.00000      0.1717937              0
       80.10000      0.1717937              0
       80.20000      0.1717937              0
       80.30000      0.1717937              0
       80.40000      0.1717937              0
       80.50000      0.1717937              0
       80.60000      0.1717937              0
       80.70000      0.1717937              0
       80.80000      0.1717937              0
       80.90000      0.1717937              0
       81.00000      0.1717937              0
       81.10000      0.1717937              0
       81.20000      0.1717937              0
       81.30000      0.1717937              0
       81.40000      0.1717937              0
       81.50000      0.1717937              0
       81.60000      0.1717937              0
       81.70000      0.1717937              0
       81.80000      0.1717937              0
       81.90000      0.1717937              0
       82.00000      0.1717937              0
       82.10000      0.1717937              0
       82.20000      0.1717937              0
       82.30000      0.1717937              0
       82.40000      0.1717937              0
       82.50000      0.1717937              0
       82.60000      0.1717937              0
       82.70000      0.1717937              0
       82.80000      0.1717937              0
       82.90000      0.1717937              0
       83.00000      0.1717937              0
       83.10000      0.1717937              0
       83.20000      0.1717937              0
       83.30000      0.1717937              0
       83.40000      0.1717937              0
       83.50000      0.1717937              0
       83.60000      0.1717937              0
       83.70000      0.1717937              0
       83.80000      0.1717937              0
       83.90000      0.1717937              0
       84.00000      0.1717937              0
       84.10000      0.1717937              0
       84.20000      0.1717937              0
       84.30000      0.1717937              0
       84.40000      0.1717937              0
       84.50000      0.1717937              0
       84.60000      0.1717937              0
       84.70000      0.1717937              0
       84.80000      0.1717937              0
       84.90000      0.1717937              0
       85.00000      0.1717937              0
       85.10000      0.1717937              0
       85.20000      0.1717937              0
       85.30000      0.1717937              0
       85.40000      0.1717937              0
       85.50000      0.1717937              0
       85.60000      0.1717937              0
       85.70000      0.1717937              0
       85.80000      0.1717937              0
       85.90000      0.1717937              0
       86.00000      0.1717937              0
       86.10000      0.1717937              0
       86.20000      0.1717937              0
       86.30000      0.1717937              0
       86.40000      0.1717937              0
       86.50000      0.1717937              0
       86.60000      0.1717937              0
       86.70000      0.1717937              0
       86.80000      0.1717937              0
       86.90000      0.1717937              0
       87.00000      0.1717937              0
       87.10000      0.1717937              0
       87.20000      0.1717937              0
       87.30000      0.1717937              0
       87.40000      0.1717937              0
       87.50000      0.1717937              0
       87.60000      0.1717937              0
       87.70000      0.1717937              0
       87.80000      0.1717937              0
       87.90000      0.1717937              0
       88.00000      0.1717937              0
       88.10000      0.1717937              0
       88.20000      0.1717937              0
       88.30000      0.1717937              0
       88.40000      0.1717937              0
       88.50000      0.1717937              0
       88.60000      0.1717937              0
       88.70000      0.1717937              0
       88.80000      0.1717937              0
       88.90000      0.1717937              0
       89.00000      0.1717937              0
       89.10000      0.1717937              0
       89.20000      0.1717937              0
       89.30000      0.1717937              0
       89.40000      0.1717937              0
       89.50000      0.1717937              0
       89.60000      0.1717937              0
       89.70000      0.1717937              0
       89.80000      0.1717937              0
       89.90000      0.1717937              0
       90.00000      0.1717937              0
       90.10000      0.1717937              0
       90.20000      0.1717937              0
       90.30000      0.1717937              0
       90.40000      0.1717937              0
       90.50000      0.1717937              0
       90.60000      0.1717937              0
       90.70000      0.1717937              0
       90.80000      0.1717937              0
       90.90000      0.1717937              0
       91.00000      0.1717937              0
       91.10000      0.1717937              0
       91.20000      0.1717937              0
       91.30000      0.1717937              0
       91.40000      0.1717937              0
       91.50000      0.1717937              0
       91.60000      0.1717937              0
       91.70000      0.1717937              0
       91.80000      0.1717937              0
       91.90000      0.1717937              0
       92.00000      0.1717937              0
       92.10000      0.1717937              0
       92.20000      0.1717937              0
       92.30000      0.1717937              0
       92.40000      0.1717937              0
       92.50000      0.1717937              0
       92.60000      0.1717937              0
       92.70000      0.1717937              0
       92.80000      0.1717937              0
       92.90000      0.1717937              0
       93.00000      0.1717937              0
       93.10000      0.1717937              0
       93.20000      0.1717937              0
       93.30000      0.1717937              0
       93.40000      0.1717937              0
       93.50000      0.1717937              0
       93.60000      0.1717937              0
       93.70000      0.1717937              0
       93.80000      0.1717937              0
       93.90000      0.1717937              0
       94.00000      0.1717937              0
       94.10000      0.1717937              0
       94.20000      0.1717937              0
       94.30000      0.1717937              0
       94.40000      0.1717937              0
       94.50000      0.1717937              0
       94.60000      0.1717937              0
       94.70000      0.1717937              0
       94.80000      0.1717937              0
       94.90000      0.1717937              0
       95.00000      0.1717937              0
       95.10000      0.1717937              0
       95.20000      0.1717937              0
       95.30000      0.1717937              0
       95.40000      0.1717937              0
       95.50000      0.1717937              0
       95.60000      0.1717937              0
       95.70000      0.1717937              0
       95.80000      0.1717937              0
       95.90000      0.1717937              0
       96.00000      0.1717937              0
       96.10000      0.1717937              0
       96.20000      0.1717937              0
       96.30000      0.1717937              0
       96.40000      0.1717937              0
       96.50000      0.1717937              0
       96.60000      0.1717937              0
       96.70000      0.1717937              0
       96.80000      0.1717937              0
       96.90000      0.1717937              0
       97.00000      0.1717937              0
       97.10000      0.1717937              0
       97.20000      0.1717937              0
       97.30000      0.1717937              0
       97.40000      0.1717937              0
       97.50000      0.1717937              0
       97.60000      0.1717937              0
       97.70000      0.1717937              0
       97.80000      0.1717937              0
       97.90000      0.1717937              0
       98.00000      0.1717937              0
       98.10000      0.1717937              0
       98.20000      0.1717937              0
       98.30000      0.1717937              0
       98.40000      0.1717937              0
       98.50000      0.1717937              0
       98.60000      0.1717937              0
       98.70000      0.1717937              0
       98.80000      0.1717937              0
       98.90000      0.1717937              0
       99.00000      0.1717937              0
       99.10000      0.1717937              0
       99.20000      0.1717937              0
       99.30000      0.1717937              0
       99.40000      0.1717937              0
       99.50000      0.1717937              0
       99.60000      0.1717937              0
       99.70000      0.1717937              0
       99.80000      0.1717937              0
       99.90000      0.1717937              0
      100.00000      0.1717937              0
