        6.00000      0.4941133              0
        8.00000      0.4258254              0
       10.00000      0.3095654              0
       12.00000      0.2620021              0
       14.00000      0.2448138              0
       16.00000      0.2380154              0
       18.00000      0.2357018              0
       20.00000      0.2355959              0
       22.00000      0.2366445              0
       24.00000      0.2382963              0
       26.00000      0.2402319              0
       28.00000      0.2422465              0
       30.00000      0.2441898              0
       32.00000      0.2459295              0
       34.00000      0.2473239              0
       36.00000      0.2482008              0
       38.00000      0.2483588              0
       40.00000      0.2476301              0
       42.00000      0.2460031              0
       44.00000      0.2436727              0
       46.00000      0.2409334              0
       48.00000      0.2380480              0
       50.00000      0.2351978              0
       52.00000      0.2324886              0
       54.00000      0.2299726              0
       56.00000      0.2276683              0
       30.00000      0.2956174              1
       32.00000      0.2881030              1
       34.00000      0.2822405              1
       36.00000      0.2776823              1
       38.00000      0.2742825              1
       40.00000      0.2719913              1
       42.00000      0.2707028              1
       44.00000      0.2701769              1
       46.00000      0.2701149              1
       48.00000      0.2702598              1
       50.00000      0.2704272              1
       52.00000      0.2704933              1
       54.00000      0.2703793              1
       56.00000      0.2700413              1
       58.00000      0.2694644              1
       60.00000      0.2686555              1
       62.00000      0.2676337              1
       64.00000      0.2664227              1
       66.00000      0.2650441              1
       68.00000      0.2635159              1
       70.00000      0.2618528              1
       72.00000      0.2600685              1
       28.00000      0.4843640              2
       30.00000      0.4620430              2
       32.00000      0.4436686              2
       34.00000      0.4269778              2
       36.00000      0.4100544              2
       38.00000      0.3908831              2
       40.00000      0.3697131              2
       42.00000      0.3501999              2
       44.00000      0.3346808              2
       46.00000      0.3230875              2
       48.00000      0.3145729              2
       50.00000      0.3083270              2
       52.00000      0.3037407              2
       54.00000      0.3003811              2
       56.00000      0.2979369              2
       64.00000      0.3349509              3
       66.00000      0.3321473              3
       68.00000      0.3295271              3
       70.00000      0.3270536              3
       72.00000      0.3246959              3
       74.00000      0.3224310              3
       76.00000      0.3202457              3
       78.00000      0.3181377              3
       80.00000      0.3161136              3
       82.00000      0.3141833              3
       84.00000      0.3123526              3
       86.00000      0.3106186              3
       88.00000      0.3089691              3
       90.00000      0.3073852              3
       92.00000      0.3058448              3
       94.00000      0.3043257              3
       96.00000      0.3028086              3
